a=[23 4 6 8 09 ]'